Xmin: 3.1704588119801107  Ymin: 1.235092440159534  Zmin: 11.577262414201568
Xmin: 2.45648593966378  Ymin: 1.0007983077862619  Zmin: 7.035920424633689
